677
0 36 1 1
1 1 1 1
2 2 1 1
3 3 1 1
4 4 1 1
5 5 1 1
6 6 1 1
7 7 1 1
8 8 1 1
9 9 1 1
10 10 1 1
11 11 1 1
12 12 1 1
13 13 1 1
14 14 1 1
15 15 1 1
16 16 1 1
17 17 1 1
18 18 1 1
19 19 1 1
20 20 1 1
21 21 1 1
22 22 1 1
23 23 1 1
24 24 1 1
25 25 1 1
26 26 1 1
27 27 1 1
28 28 1 1
29 29 1 1
30 30 1 1
31 31 1 1
32 32 1 1
33 33 1 1
34 34 1 1
35 35 1 1
36 82 0.975 0.985
36 83 0.015 0.025
37 91 0.975 0.985
37 92 0.015 0.025
38 99 0.975 0.985
38 100 0.015 0.025
39 103 0.975 0.985
39 104 0.015 0.025
40 111 0.975 0.985
40 112 0.015 0.025
41 115 0.975 0.985
41 116 0.015 0.025
42 123 0.975 0.985
42 124 0.015 0.025
43 127 0.975 0.985
43 128 0.015 0.025
44 135 0.975 0.985
44 136 0.015 0.025
45 139 0.975 0.985
45 140 0.015 0.025
46 147 0.975 0.985
46 148 0.015 0.025
47 151 0.975 0.985
47 152 0.015 0.025
48 159 0.975 0.985
48 160 0.015 0.025
49 163 0.975 0.985
49 164 0.015 0.025
50 171 0.975 0.985
50 172 0.015 0.025
51 175 0.975 0.985
51 176 0.015 0.025
52 91 0.975 0.985
52 92 0.015 0.025
53 99 0.975 0.985
53 100 0.015 0.025
54 103 0.975 0.985
54 104 0.015 0.025
55 111 0.975 0.985
55 112 0.015 0.025
56 115 0.975 0.985
56 116 0.015 0.025
57 123 0.975 0.985
57 124 0.015 0.025
58 127 0.975 0.985
58 128 0.015 0.025
59 135 0.975 0.985
59 136 0.015 0.025
60 139 0.975 0.985
60 140 0.015 0.025
61 147 0.975 0.985
61 148 0.015 0.025
62 151 0.975 0.985
62 152 0.015 0.025
63 159 0.975 0.985
63 160 0.015 0.025
64 163 0.975 0.985
64 164 0.015 0.025
65 171 0.975 0.985
65 172 0.015 0.025
66 175 0.975 0.985
66 176 0.015 0.025
67 91 0.975 0.985
67 92 0.015 0.025
68 99 0.975 0.985
68 100 0.015 0.025
69 103 0.975 0.985
69 104 0.015 0.025
70 111 0.975 0.985
70 112 0.015 0.025
71 115 0.975 0.985
71 116 0.015 0.025
72 123 0.975 0.985
72 124 0.015 0.025
73 127 0.975 0.985
73 128 0.015 0.025
74 135 0.975 0.985
74 136 0.015 0.025
75 139 0.975 0.985
75 140 0.015 0.025
76 147 0.975 0.985
76 148 0.015 0.025
77 151 0.975 0.985
77 152 0.015 0.025
78 159 0.975 0.985
78 160 0.015 0.025
79 163 0.975 0.985
79 164 0.015 0.025
80 171 0.975 0.985
80 172 0.015 0.025
81 175 0.975 0.985
81 176 0.015 0.025
82 84 1 1
83 469 1 1
84 85 1 1
85 86 1 1
86 87 0.985 0.995
86 88 0.005 0.015
87 565 1 1
88 470 1 1
89 90 1 1
90 93 0.985 0.995
90 94 0.005 0.015
91 89 1 1
92 471 1 1
93 566 1 1
94 472 1 1
95 96 1 1
96 97 0.985 0.995
96 98 0.005 0.015
97 567 1 1
98 473 1 1
99 95 1 1
100 474 1 1
101 102 1 1
102 105 0.985 0.995
102 106 0.005 0.015
103 101 1 1
104 475 1 1
105 568 1 1
106 476 1 1
107 108 1 1
108 109 0.985 0.995
108 110 0.005 0.015
109 569 1 1
110 477 1 1
111 107 1 1
112 478 1 1
113 114 1 1
114 117 0.985 0.995
114 118 0.005 0.015
115 113 1 1
116 479 1 1
117 570 1 1
118 480 1 1
119 120 1 1
120 121 0.985 0.995
120 122 0.005 0.015
121 571 1 1
122 481 1 1
123 119 1 1
124 482 1 1
125 126 1 1
126 129 0.985 0.995
126 130 0.005 0.015
127 125 1 1
128 483 1 1
129 572 1 1
130 484 1 1
131 132 1 1
132 133 0.985 0.995
132 134 0.005 0.015
133 573 1 1
134 485 1 1
135 131 1 1
136 486 1 1
137 138 1 1
138 141 0.985 0.995
138 142 0.005 0.015
139 137 1 1
140 487 1 1
141 574 1 1
142 488 1 1
143 144 1 1
144 145 0.985 0.995
144 146 0.005 0.015
145 575 1 1
146 489 1 1
147 143 1 1
148 490 1 1
149 150 1 1
150 153 0.985 0.995
150 154 0.005 0.015
151 149 1 1
152 491 1 1
153 576 1 1
154 492 1 1
155 156 1 1
156 157 0.985 0.995
156 158 0.005 0.015
157 577 1 1
158 493 1 1
159 155 1 1
160 494 1 1
161 162 1 1
162 165 0.985 0.995
162 166 0.005 0.015
163 161 1 1
164 495 1 1
165 578 1 1
166 496 1 1
167 168 1 1
168 169 0.985 0.995
168 170 0.005 0.015
169 579 1 1
170 497 1 1
171 167 1 1
172 498 1 1
173 174 1 1
174 177 0.985 0.995
174 178 0.005 0.015
175 173 1 1
176 499 1 1
177 580 1 1
178 500 1 1
179 181 1 1
180 501 1 1
181 182 1 1
182 184 1 1
183 185 0.985 0.995
183 186 0.005 0.015
184 185 0.985 0.995
184 186 0.005 0.015
185 581 1 1
186 502 1 1
187 183 1 1
188 502 1 1
189 191 1 1
190 194 0.985 0.995
190 195 0.005 0.015
191 194 0.985 0.995
191 195 0.005 0.015
192 189 1 1
193 503 1 1
194 582 1 1
195 504 1 1
196 190 1 1
197 504 1 1
198 200 1 1
199 201 0.985 0.995
199 202 0.005 0.015
200 201 0.985 0.995
200 202 0.005 0.015
201 583 1 1
202 505 1 1
203 199 1 1
204 505 1 1
205 198 1 1
206 506 1 1
207 212 0.985 0.995
207 213 0.005 0.015
208 209 1 1
209 212 0.985 0.995
209 213 0.005 0.015
210 208 1 1
211 507 1 1
212 584 1 1
213 508 1 1
214 207 1 1
215 508 1 1
216 218 1 1
217 219 0.985 0.995
217 220 0.005 0.015
218 219 0.985 0.995
218 220 0.005 0.015
219 585 1 1
220 509 1 1
221 217 1 1
222 509 1 1
223 216 1 1
224 510 1 1
225 230 0.985 0.995
225 231 0.005 0.015
226 227 1 1
227 230 0.985 0.995
227 231 0.005 0.015
228 226 1 1
229 511 1 1
230 586 1 1
231 512 1 1
232 225 1 1
233 512 1 1
234 236 1 1
235 237 0.985 0.995
235 238 0.005 0.015
236 237 0.985 0.995
236 238 0.005 0.015
237 587 1 1
238 513 1 1
239 235 1 1
240 513 1 1
241 234 1 1
242 514 1 1
243 248 0.985 0.995
243 249 0.005 0.015
244 245 1 1
245 248 0.985 0.995
245 249 0.005 0.015
246 244 1 1
247 515 1 1
248 588 1 1
249 516 1 1
250 243 1 1
251 516 1 1
252 254 1 1
253 255 0.985 0.995
253 256 0.005 0.015
254 255 0.985 0.995
254 256 0.005 0.015
255 589 1 1
256 517 1 1
257 253 1 1
258 517 1 1
259 252 1 1
260 518 1 1
261 266 0.985 0.995
261 267 0.005 0.015
262 263 1 1
263 266 0.985 0.995
263 267 0.005 0.015
264 262 1 1
265 519 1 1
266 590 1 1
267 520 1 1
268 261 1 1
269 520 1 1
270 272 1 1
271 273 0.985 0.995
271 274 0.005 0.015
272 273 0.985 0.995
272 274 0.005 0.015
273 591 1 1
274 521 1 1
275 271 1 1
276 521 1 1
277 270 1 1
278 522 1 1
279 284 0.985 0.995
279 285 0.005 0.015
280 281 1 1
281 284 0.985 0.995
281 285 0.005 0.015
282 280 1 1
283 523 1 1
284 592 1 1
285 524 1 1
286 279 1 1
287 524 1 1
288 290 1 1
289 291 0.985 0.995
289 292 0.005 0.015
290 291 0.985 0.995
290 292 0.005 0.015
291 593 1 1
292 525 1 1
293 289 1 1
294 525 1 1
295 288 1 1
296 526 1 1
297 302 0.985 0.995
297 303 0.005 0.015
298 299 1 1
299 302 0.985 0.995
299 303 0.005 0.015
300 298 1 1
301 527 1 1
302 594 1 1
303 528 1 1
304 297 1 1
305 528 1 1
306 308 1 1
307 309 0.985 0.995
307 310 0.005 0.015
308 309 0.985 0.995
308 310 0.005 0.015
309 595 1 1
310 529 1 1
311 307 1 1
312 529 1 1
313 306 1 1
314 530 1 1
315 317 1 1
316 320 0.985 0.995
316 321 0.005 0.015
317 320 0.985 0.995
317 321 0.005 0.015
318 315 1 1
319 531 1 1
320 596 1 1
321 532 1 1
322 316 1 1
323 532 1 1
324 326 1 1
325 533 1 1
326 327 1 1
327 329 1 1
328 330 0.985 0.995
328 331 0.005 0.015
329 330 0.985 0.995
329 331 0.005 0.015
330 597 1 1
331 534 1 1
332 328 1 1
333 534 1 1
334 336 1 1
335 339 0.985 0.995
335 340 0.005 0.015
336 339 0.985 0.995
336 340 0.005 0.015
337 334 1 1
338 535 1 1
339 598 1 1
340 536 1 1
341 335 1 1
342 536 1 1
343 345 1 1
344 346 0.985 0.995
344 347 0.005 0.015
345 346 0.985 0.995
345 347 0.005 0.015
346 599 1 1
347 537 1 1
348 344 1 1
349 537 1 1
350 343 1 1
351 538 1 1
352 357 0.985 0.995
352 358 0.005 0.015
353 354 1 1
354 357 0.985 0.995
354 358 0.005 0.015
355 353 1 1
356 539 1 1
357 600 1 1
358 540 1 1
359 352 1 1
360 540 1 1
361 363 1 1
362 364 0.985 0.995
362 365 0.005 0.015
363 364 0.985 0.995
363 365 0.005 0.015
364 601 1 1
365 541 1 1
366 362 1 1
367 541 1 1
368 361 1 1
369 542 1 1
370 375 0.985 0.995
370 376 0.005 0.015
371 372 1 1
372 375 0.985 0.995
372 376 0.005 0.015
373 371 1 1
374 543 1 1
375 602 1 1
376 544 1 1
377 370 1 1
378 544 1 1
379 381 1 1
380 382 0.985 0.995
380 383 0.005 0.015
381 382 0.985 0.995
381 383 0.005 0.015
382 603 1 1
383 545 1 1
384 380 1 1
385 545 1 1
386 379 1 1
387 546 1 1
388 393 0.985 0.995
388 394 0.005 0.015
389 390 1 1
390 393 0.985 0.995
390 394 0.005 0.015
391 389 1 1
392 547 1 1
393 604 1 1
394 548 1 1
395 388 1 1
396 548 1 1
397 399 1 1
398 400 0.985 0.995
398 401 0.005 0.015
399 400 0.985 0.995
399 401 0.005 0.015
400 605 1 1
401 549 1 1
402 398 1 1
403 549 1 1
404 397 1 1
405 550 1 1
406 411 0.985 0.995
406 412 0.005 0.015
407 408 1 1
408 411 0.985 0.995
408 412 0.005 0.015
409 407 1 1
410 551 1 1
411 606 1 1
412 552 1 1
413 406 1 1
414 552 1 1
415 417 1 1
416 418 0.985 0.995
416 419 0.005 0.015
417 418 0.985 0.995
417 419 0.005 0.015
418 607 1 1
419 553 1 1
420 416 1 1
421 553 1 1
422 415 1 1
423 554 1 1
424 429 0.985 0.995
424 430 0.005 0.015
425 426 1 1
426 429 0.985 0.995
426 430 0.005 0.015
427 425 1 1
428 555 1 1
429 608 1 1
430 556 1 1
431 424 1 1
432 556 1 1
433 435 1 1
434 436 0.985 0.995
434 437 0.005 0.015
435 436 0.985 0.995
435 437 0.005 0.015
436 609 1 1
437 557 1 1
438 434 1 1
439 557 1 1
440 433 1 1
441 558 1 1
442 447 0.985 0.995
442 448 0.005 0.015
443 444 1 1
444 447 0.985 0.995
444 448 0.005 0.015
445 443 1 1
446 559 1 1
447 610 1 1
448 560 1 1
449 442 1 1
450 560 1 1
451 453 1 1
452 454 0.985 0.995
452 455 0.005 0.015
453 454 0.985 0.995
453 455 0.005 0.015
454 611 1 1
455 561 1 1
456 452 1 1
457 561 1 1
458 451 1 1
459 562 1 1
460 462 1 1
461 465 0.985 0.995
461 466 0.005 0.015
462 465 0.985 0.995
462 466 0.005 0.015
463 460 1 1
464 563 1 1
465 612 1 1
466 564 1 1
467 461 1 1
468 564 1 1
469 179 0.975 0.985
469 180 0.015 0.025
470 187 0.975 0.985
470 188 0.015 0.025
471 192 0.975 0.985
471 193 0.015 0.025
472 196 0.975 0.985
472 197 0.015 0.025
473 203 0.975 0.985
473 204 0.015 0.025
474 205 0.975 0.985
474 206 0.015 0.025
475 210 0.975 0.985
475 211 0.015 0.025
476 214 0.975 0.985
476 215 0.015 0.025
477 221 0.975 0.985
477 222 0.015 0.025
478 223 0.975 0.985
478 224 0.015 0.025
479 228 0.975 0.985
479 229 0.015 0.025
480 232 0.975 0.985
480 233 0.015 0.025
481 239 0.975 0.985
481 240 0.015 0.025
482 241 0.975 0.985
482 242 0.015 0.025
483 246 0.975 0.985
483 247 0.015 0.025
484 250 0.975 0.985
484 251 0.015 0.025
485 257 0.975 0.985
485 258 0.015 0.025
486 259 0.975 0.985
486 260 0.015 0.025
487 264 0.975 0.985
487 265 0.015 0.025
488 268 0.975 0.985
488 269 0.015 0.025
489 275 0.975 0.985
489 276 0.015 0.025
490 277 0.975 0.985
490 278 0.015 0.025
491 282 0.975 0.985
491 283 0.015 0.025
492 286 0.975 0.985
492 287 0.015 0.025
493 293 0.975 0.985
493 294 0.015 0.025
494 295 0.975 0.985
494 296 0.015 0.025
495 300 0.975 0.985
495 301 0.015 0.025
496 304 0.975 0.985
496 305 0.015 0.025
497 311 0.975 0.985
497 312 0.015 0.025
498 313 0.975 0.985
498 314 0.015 0.025
499 318 0.975 0.985
499 319 0.015 0.025
500 322 0.975 0.985
500 323 0.015 0.025
501 324 0.975 0.985
501 325 0.015 0.025
502 332 0.975 0.985
502 333 0.015 0.025
503 337 0.975 0.985
503 338 0.015 0.025
504 341 0.975 0.985
504 342 0.015 0.025
505 348 0.975 0.985
505 349 0.015 0.025
506 350 0.975 0.985
506 351 0.015 0.025
507 355 0.975 0.985
507 356 0.015 0.025
508 359 0.975 0.985
508 360 0.015 0.025
509 366 0.975 0.985
509 367 0.015 0.025
510 368 0.975 0.985
510 369 0.015 0.025
511 373 0.975 0.985
511 374 0.015 0.025
512 377 0.975 0.985
512 378 0.015 0.025
513 384 0.975 0.985
513 385 0.015 0.025
514 386 0.975 0.985
514 387 0.015 0.025
515 391 0.975 0.985
515 392 0.015 0.025
516 395 0.975 0.985
516 396 0.015 0.025
517 402 0.975 0.985
517 403 0.015 0.025
518 404 0.975 0.985
518 405 0.015 0.025
519 409 0.975 0.985
519 410 0.015 0.025
520 413 0.975 0.985
520 414 0.015 0.025
521 420 0.975 0.985
521 421 0.015 0.025
522 422 0.975 0.985
522 423 0.015 0.025
523 427 0.975 0.985
523 428 0.015 0.025
524 431 0.975 0.985
524 432 0.015 0.025
525 438 0.975 0.985
525 439 0.015 0.025
526 440 0.975 0.985
526 441 0.015 0.025
527 445 0.975 0.985
527 446 0.015 0.025
528 449 0.975 0.985
528 450 0.015 0.025
529 456 0.975 0.985
529 457 0.015 0.025
530 458 0.975 0.985
530 459 0.015 0.025
531 463 0.975 0.985
531 464 0.015 0.025
532 467 0.975 0.985
532 468 0.015 0.025
533 613 1 1
534 614 1 1
535 615 1 1
536 616 1 1
537 617 1 1
538 618 1 1
539 619 1 1
540 620 1 1
541 621 1 1
542 622 1 1
543 623 1 1
544 624 1 1
545 625 1 1
546 626 1 1
547 627 1 1
548 628 1 1
549 629 1 1
550 630 1 1
551 631 1 1
552 632 1 1
553 633 1 1
554 634 1 1
555 635 1 1
556 636 1 1
557 637 1 1
558 638 1 1
559 639 1 1
560 640 1 1
561 641 1 1
562 642 1 1
563 643 1 1
564 644 1 1
565 37 1 1
566 38 1 1
567 39 1 1
568 40 1 1
569 41 1 1
570 42 1 1
571 43 1 1
572 44 1 1
573 45 1 1
574 46 1 1
575 47 1 1
576 48 1 1
577 49 1 1
578 50 1 1
579 51 1 1
580 33 1 1
581 52 1 1
582 53 1 1
583 54 1 1
584 55 1 1
585 56 1 1
586 57 1 1
587 58 1 1
588 59 1 1
589 60 1 1
590 61 1 1
591 62 1 1
592 63 1 1
593 64 1 1
594 65 1 1
595 66 1 1
596 34 1 1
597 67 1 1
598 68 1 1
599 69 1 1
600 70 1 1
601 71 1 1
602 72 1 1
603 73 1 1
604 74 1 1
605 75 1 1
606 76 1 1
607 77 1 1
608 78 1 1
609 79 1 1
610 80 1 1
611 81 1 1
612 35 1 1
613 645 1 1
614 646 1 1
615 648 1 1
616 647 1 1
617 649 1 1
618 650 1 1
619 651 1 1
620 652 1 1
621 653 1 1
622 654 1 1
623 655 1 1
624 656 1 1
625 657 1 1
626 658 1 1
627 659 1 1
628 660 1 1
629 661 1 1
630 662 1 1
631 663 1 1
632 664 1 1
633 665 1 1
634 666 1 1
635 667 1 1
636 668 1 1
637 669 1 1
638 670 1 1
639 671 1 1
640 672 1 1
641 673 1 1
642 674 1 1
643 675 1 1
644 676 1 1
645 1 1 1
646 2 1 1
647 3 1 1
648 4 1 1
649 5 1 1
650 6 1 1
651 7 1 1
652 8 1 1
653 9 1 1
654 10 1 1
655 11 1 1
656 12 1 1
657 13 1 1
658 14 1 1
659 15 1 1
660 16 1 1
661 17 1 1
662 18 1 1
663 19 1 1
664 20 1 1
665 21 1 1
666 22 1 1
667 23 1 1
668 24 1 1
669 25 1 1
670 26 1 1
671 27 1 1
672 28 1 1
673 29 1 1
674 30 1 1
675 31 1 1
676 32 1 1
